+6283876069187
+6283876069190
+6283876069191
+6283876069192
+6283876069202
+6283876069204
+6283876069205
+6283876069206
+6283876069207
+6283876069208
+6283876069209
+6283876069210
+6283876069227
+6287754762176
+6287850698216
+6283131253900
+6283131253893
+6283131253899
+6283131254788
+6283131201036
+6283131166793
+6281235829405
+6287758649589
+628883199612
+62882009503317
+6287755501699
+62882009064912
+628883199630
+6287865891869
+6288216926176
+6288805478643
+6285170046175
+6287834181731
+6287753809208
+6287753806258
+6287753809207
+6287858190357
+6287774353176
+6287871561751
+628883162580
+628883162593
+628883199727
+62882009064909
+628883199462
+6288217729209
+62882009058564
+6288805049314
+6285933004063
+6285934665190
+6281808778166
+6287755504228
+62895342016367
+628883162577
+628819068466
+6281232898402
+6285934665182
+6287858190184
+6287871561779
+6287871561737
+6287863219886
+6285934667486
