arik
+6287844218361	
+6287762901160	
+6287740344734	
+6281908230617	
+6287846167351	
+62881026945202	
+6285731019006
+6281806050289
+6287701359057	
johan
+6281229084819	
+6289530475171	
+6285812624644	
+6282331330243	
+6285335573673	
+6282142299236	
+6281939571816  
+6285755291619	
+6281908230709	
+6287846167356
rioempat
+6287850698216
+6281235829405
<<<<<<< HEAD:TeleRayez/list.txt
+6287754762176 
axis
+6283876069187
+6283876069190
+6283876069191
+6283876069192
+6283876069193
+6283876069194
+6283876069195
+6283876069197
=======
+6287754762176
+6283876069187
+6283876069190	
+6283876069191	
+6283876069192	
+6283876069193  
+6283876069194	
+6283876069195	
sepoloaxis
+6283876069197	
>>>>>>> 9ba96495494bb53736faf3307646e12db3a481b9:tele/list.txt
+6283876069198
+6283876069201
+6283876069202
+6283876069203
+6283876069204
+6283876069205
<<<<<<< HEAD:TeleRayez/list.txt
+6283876069206
=======
+6283876069206
>>>>>>> 9ba96495494bb53736faf3307646e12db3a481b9:tele/list.txt
